764
177 7 178 12
175 26 177 29
175 40 178 42
174 20 179 21
172 11 175 13
171 0 173 3
169 41 174 42
167 4 178 4
166 28 171 29
165 48 176 48
162 20 167 21
158 15 160 18
155 49 166 49
150 22 152 25
145 3 156 3
139 53 144 54
134 41 139 42
124 7 129 8
116 1 127 1
104 1 115 1
88 9 99 9
72 53 75 55
50 1 61 1
26 1 31 2
0 51 3 53
0 12 11 12
0 13 11 13
174 7 176 10
168 20 169 25
164 51 175 51
156 22 167 22
146 51 157 51
136 57 141 58
120 2 131 2
102 2 113 2
76 6 79 8
44 53 55 53
2 27 4 30
15 13 17 16
110 51 121 51
27 25 38 25
145 53 150 54
163 40 174 40
86 0 89 2
86 18 91 19
64 7 75 7
36 26 47 26
33 55 38 56
79 15 81 18
144 37 155 37
132 30 135 32
45 16 48 18
79 45 84 46
22 18 27 19
169 18 174 19
144 24 149 25
118 38 129 38
69 44 80 44
62 1 67 2
94 10 105 10
34 11 37 13
80 55 91 55
32 8 39 8
135 33 146 33
162 15 164 18
32 48 43 48
77 31 80 33
43 55 46 57
20 50 23 52
10 45 21 45
38 40 49 40
28 6 31 8
157 12 168 12
102 34 113 34
85 7 90 8
122 56 125 58
139 55 150 55
117 44 122 45
108 59 119 59
83 26 94 26
87 36 90 38
10 23 21 23
132 59 143 59
108 18 119 18
91 36 94 38
32 1 37 2
151 40 156 41
47 13 58 13
47 55 58 55
52 43 63 43
135 53 138 55
134 3 144 3
131 7 136 8
13 18 18 19
102 33 113 33
100 43 111 43
84 27 89 28
43 58 54 58
80 57 91 57
28 18 33 19
107 5 112 6
82 41 87 42
141 44 152 44
94 0 97 2
149 10 160 10
118 52 129 52
129 4 134 5
27 16 32 17
29 47 40 47
143 4 154 4
130 28 141 28
61 46 66 47
133 26 144 26
53 47 58 48
165 45 176 45
104 3 115 3
33 16 44 16
68 1 73 2
53 24 64 24
99 48 110 48
55 52 66 52
44 11 46 14
52 28 55 30
72 41 77 42
143 20 154 20
156 37 167 37
72 0 83 0
14 20 25 20
108 0 119 0
116 57 121 58
90 30 101 30
12 30 23 30
12 31 23 31
136 56 147 56
73 45 78 46
39 15 50 15
12 9 23 9
15 10 18 12
41 5 52 5
172 5 177 6
6 59 17 59
18 59 29 59
64 9 69 10
48 26 59 26
22 6 27 7
46 0 57 0
111 54 116 55
6 29 17 29
40 34 51 34
128 1 139 1
166 5 169 7
2 21 3 26
27 54 38 54
41 21 46 22
106 56 111 57
96 59 107 59
77 13 88 13
15 25 26 25
0 36 11 36
49 16 60 16
12 4 23 4
148 42 159 42
153 34 158 35
25 33 36 33
87 25 98 25
106 11 117 11
22 42 27 43
73 19 84 19
118 15 129 15
80 3 91 3
78 30 89 30
42 0 45 0
34 41 45 41
82 56 93 56
26 49 29 51
38 11 43 12
117 24 122 25
132 27 143 27
16 41 27 41
82 16 87 17
106 28 117 28
160 5 165 6
28 40 33 41
48 36 51 38
80 40 91 40
14 52 19 53
81 31 83 34
0 44 11 44
127 53 130 55
22 22 27 23
76 23 87 23
135 44 140 45
4 1 9 2
136 36 141 37
65 48 76 48
30 0 41 0
3 57 14 57
32 14 43 14
123 44 128 45
59 3 70 3
39 25 50 25
0 45 1 50
12 36 23 36
92 7 103 7
57 44 68 44
154 28 165 28
17 5 28 5
167 47 178 47
40 8 51 8
91 14 102 14
119 50 130 50
149 47 160 47
44 48 47 50
15 54 26 54
72 3 75 5
94 41 105 41
106 31 117 31
16 8 27 8
6 45 9 45
19 16 21 19
127 32 130 34
95 36 106 36
155 54 166 54
129 22 131 25
171 22 176 23
61 16 64 18
120 59 131 59
24 52 35 52
152 31 163 31
90 0 93 2
92 57 103 57
158 50 163 51
67 50 78 50
136 43 147 43
155 4 166 4
130 11 141 11
94 52 105 52
77 39 85 39
179 26 179 37
5 22 16 22
146 59 157 59
56 28 59 30
135 19 146 19
128 13 133 14
68 56 79 56
148 46 159 46
97 46 108 46
144 21 149 22
135 48 146 48
88 31 91 33
37 46 48 46
123 53 126 55
55 34 66 34
84 31 87 33
148 11 159 11
60 26 71 26
174 24 179 25
47 11 58 11
34 49 37 51
16 21 27 21
7 32 10 34
167 32 178 32
2 50 13 50
60 4 71 4
4 38 15 38
120 0 131 0
130 18 141 18
123 19 134 19
137 34 142 35
130 16 135 17
10 24 13 26
73 17 78 18
6 27 11 28
88 24 99 24
106 29 117 29
2 45 5 47
120 21 131 21
98 0 101 2
116 13 121 13
143 18 154 18
29 22 40 22
114 16 125 16
154 57 165 57
117 20 128 20
60 59 71 59
124 37 135 37
147 8 158 8
117 40 128 40
84 52 87 54
134 14 145 14
112 56 115 58
43 54 54 54
41 24 52 24
60 29 71 29
12 6 15 8
132 22 143 22
55 18 60 19
143 6 154 6
65 38 76 38
66 12 77 12
147 39 158 39
75 20 86 20
111 7 113 10
38 2 49 2
38 49 43 50
55 50 66 50
67 52 78 52
63 20 74 20
47 57 58 57
40 43 51 43
96 33 101 34
18 15 29 15
70 22 81 22
6 0 17 0
145 2 156 2
155 32 166 32
0 10 11 10
157 36 168 36
114 7 116 10
113 21 118 22
88 41 93 42
122 13 127 14
11 32 14 34
10 42 21 42
129 40 140 40
34 18 39 19
14 49 25 49
165 2 170 3
81 35 92 35
142 52 153 52
89 12 94 13
168 55 179 55
18 0 29 0
28 57 39 57
16 37 27 37
141 40 144 42
44 37 47 39
147 33 158 33
57 51 68 51
108 17 119 17
80 1 85 2
167 54 178 54
8 52 13 53
165 15 167 18
3 35 14 35
110 49 121 49
122 3 133 3
119 35 130 35
123 32 126 34
144 1 155 1
59 13 70 13
158 59 169 59
36 36 47 36
88 58 99 58
119 30 130 30
142 57 147 58
51 25 62 25
109 46 120 46
123 24 128 25
15 32 20 33
30 58 35 59
9 17 12 19
73 39 76 39
135 29 146 29
59 8 70 8
171 57 176 58
89 29 100 29
168 15 179 15
20 48 31 48
149 14 160 14
136 9 147 9
106 12 117 12
177 56 179 59
88 52 93 53
92 3 103 3
130 12 141 12
92 18 103 18
105 20 116 20
32 6 37 7
24 36 35 36
138 51 145 51
41 27 52 27
90 28 101 28
77 36 80 38
165 41 166 44
29 5 40 5
43 32 54 32
71 47 82 47
124 43 135 43
85 15 96 15
132 21 143 21
106 38 117 38
12 46 23 46
156 23 167 23
9 55 20 55
90 27 101 27
158 2 163 3
91 47 96 48
4 37 15 37
73 15 78 16
22 12 33 12
55 32 66 32
4 41 15 41
167 44 178 44
158 13 169 13
49 17 60 17
90 54 101 54
125 47 136 47
66 49 77 49
154 15 157 17
125 4 128 6
87 20 98 20
46 41 57 41
111 19 122 19
40 23 51 23
5 17 8 19
102 37 105 39
110 42 121 42
29 27 40 27
58 41 69 41
16 6 21 7
65 37 76 37
38 1 49 1
53 27 64 27
88 10 93 11
0 3 11 3
92 40 103 40
124 11 129 12
135 4 138 6
153 44 158 45
61 19 72 19
0 54 2 57
126 56 129 58
26 20 37 20
126 16 129 18
151 55 162 55
148 56 159 56
92 8 103 8
0 41 3 43
60 53 71 53
104 49 109 50
76 53 79 55
88 49 99 49
107 7 110 9
154 58 165 58
40 54 42 57
161 46 164 48
16 57 27 57
94 42 105 42
61 21 64 23
112 37 123 37
149 34 152 36
94 4 105 4
123 29 134 29
0 7 11 7
29 42 40 42
118 11 123 12
117 54 122 55
92 31 95 33
167 49 178 49
143 34 148 35
107 13 115 13
6 14 9 16
156 25 167 25
136 30 142 30
69 34 80 34
105 44 110 45
88 23 99 23
118 28 129 28
134 51 137 51
80 5 85 6
20 39 31 39
136 16 147 16
163 34 168 35
119 26 124 27
58 14 69 14
106 52 117 52
12 40 23 40
36 30 47 30
68 40 79 40
108 39 119 39
48 4 59 4
142 28 153 28
3 54 14 54
80 52 83 54
122 51 133 51
65 16 68 18
20 14 31 14
64 6 75 6
32 53 43 53
4 42 9 43
25 28 36 28
106 14 107 19
159 44 164 45
0 8 11 8
154 29 165 29
102 25 113 25
48 49 53 50
57 35 68 35
22 10 27 11
165 30 170 31
33 17 44 17
137 8 146 8
40 37 43 39
120 31 131 31
153 22 155 25
135 13 146 13
41 47 52 47
67 45 72 46
54 12 65 12
52 10 63 10
172 16 177 17
36 4 47 4
28 3 39 3
61 15 72 15
12 10 14 13
66 30 77 30
56 56 67 56
135 39 146 39
118 36 129 36
28 37 39 37
75 25 86 25
26 29 31 30
123 48 134 48
161 14 172 14
0 32 2 35
46 28 51 29
45 51 56 51
113 6 124 6
8 48 13 49
137 31 148 31
100 58 111 58
174 1 179 2
2 17 4 20
168 46 179 46
0 11 11 11
94 16 105 16
34 34 39 35
21 56 32 56
95 35 106 35
0 4 11 4
99 19 104 20
61 36 64 38
24 9 35 9
0 6 11 6
27 38 38 38
160 56 171 56
106 27 117 27
71 51 82 51
60 55 71 55
4 21 15 21
124 9 135 9
161 10 172 10
166 52 171 53
61 39 72 39
138 7 149 7
144 27 155 27
85 51 96 51
148 16 153 17
145 40 150 41
2 48 7 49
94 17 105 17
130 57 135 58
107 35 118 35
15 34 26 34
92 50 103 50
0 37 3 39
164 50 175 50
85 46 96 46
143 30 154 30
148 57 153 58
152 19 163 19
154 7 165 7
56 40 67 40
24 26 35 26
86 6 97 6
107 26 118 26
20 53 31 53
95 13 106 13
81 44 92 44
10 43 21 43
133 0 144 0
147 48 158 48
40 3 46 3
131 53 134 55
142 15 153 15
120 17 125 18
60 0 71 0
138 23 143 24
61 33 66 33
74 26 79 27
38 7 49 7
99 55 110 55
28 10 39 10
160 11 171 11
70 23 75 24
40 10 51 10
50 2 61 2
28 23 39 23
29 24 40 24
101 47 112 47
89 21 100 21
28 32 39 32
88 16 93 17
43 19 54 19
70 9 75 10
9 56 20 56
136 17 147 17
52 36 57 37
86 22 97 22
21 55 32 55
60 28 71 28
38 6 49 6
4 23 6 26
49 33 60 33
175 35 177 38
156 1 167 1
104 5 106 8
81 37 86 38
3 55 8 56
133 50 144 50
86 39 97 39
39 20 50 20
94 56 105 56
52 38 57 39
72 59 83 59
110 14 121 14
157 40 162 41
100 31 105 32
112 43 123 43
117 7 119 10
106 4 117 4
49 44 54 45
88 43 99 43
120 7 123 9
169 35 174 36
84 59 95 59
65 36 76 36
98 22 109 22
84 34 95 34
142 11 147 12
137 47 148 47
30 49 33 51
111 32 122 32
0 20 0 31
148 43 159 43
83 47 88 48
37 33 48 33
12 47 23 47
108 15 113 16
52 6 63 6
139 4 142 6
98 5 103 6
29 21 40 21
3 32 6 34
106 40 109 42
64 43 75 43
4 51 7 53
154 53 165 53
58 54 69 54
78 28 83 29
59 11 70 11
121 46 132 46
94 11 105 11
148 9 159 9
69 35 80 35
8 51 19 51
0 40 11 40
120 10 131 10
111 44 116 45
37 44 48 44
14 1 25 1
55 31 66 31
67 31 70 33
143 32 154 32
111 48 122 48
74 1 79 2
5 5 16 5
100 24 111 24
168 43 179 43
72 28 77 29
14 2 25 2
145 50 156 50
166 39 177 39
172 52 177 53
40 28 45 29
70 14 81 14
55 45 66 45
65 21 68 23
71 11 82 11
102 27 105 29
131 34 136 35
1 20 1 31
113 47 124 47
76 43 87 43
6 46 11 47
159 33 162 35
0 58 5 59
107 53 118 53
68 57 79 57
19 10 21 13
69 16 72 18
132 25 143 25
36 45 47 45
94 53 105 53
47 21 58 21
95 26 106 26
63 25 74 25
47 3 58 3
114 33 119 34
134 38 145 38
130 15 141 15
136 46 147 46
43 31 54 31
123 39 134 39
76 10 87 10
18 58 29 58
24 4 35 4
130 52 141 52
113 5 124 5
163 38 174 38
56 42 67 42
28 43 39 43
108 23 119 23
76 9 87 9
133 2 144 2
12 44 23 44
148 5 159 5
97 51 108 51
17 24 28 24
15 35 26 35
53 5 64 5
45 9 56 9
73 31 76 33
74 21 85 21
95 37 100 38
0 14 1 19
49 46 60 46
156 26 161 27
129 20 140 20
163 27 174 27
41 42 52 42
129 44 134 45
93 44 104 44
141 45 152 45
12 28 23 28
162 9 173 9
0 9 11 9
62 57 67 58
6 58 17 58
154 52 165 52
76 24 87 24
122 42 133 42
58 36 60 39
159 8 170 8
101 21 112 21
7 23 9 26
2 14 5 16
172 28 174 31
43 52 54 52
114 41 125 41
163 33 174 33
51 20 62 20
45 35 56 35
